Some((
    red: 0.061586864,
    green: 0.10096672,
    blue: 0.10672963,
    alpha: 1.0,
))